11000101011000001010111000110011011010000010001101101100111101
11000101011000001010111000110011011010000010001101101100111101
1000000011011101000000001100101000110101110111010011001000010
11000101011000001010111000110011011010000010001101101100111101
1000000011011101000000001100101000110101110111010011001000010
11000101011000001010111000110011011010000010001101101100111101
1000000011011101000000001100101000110101110111010011001000010
11000101011000001010111000110011011010000010001101101100111101
1000000011011101000000001100101000110101110111010011001000010
11000101011000001010111000110011011010000010001101101100111101
1000000011011101000000001100101000110101110111010011001000010
