1001111001001000010001111000101010011110110100000000100111100
1001111001001000010001111000101010011110110100000000100111100
1110101000100111101011000100001100010110110111000000011000100
1001111001001000010001111000101010011110110100000000100111100
1110101000100111101011000100001100010110110111000000011000100
1001111001001000010001111000101010011110110100000000100111100
1110101000100111101011000100001100010110110111000000011000100
1001111001001000010001111000101010011110110100000000100111100
1110101000100111101011000100001100010110110111000000011000100
1001111001001000010001111000101010011110110100000000100111100
1110101000100111101011000100001100010110110111000000011000100
